1.976529999999999987e+01
1.223990000000000045e+01
4.068939999999999557e+00
3.427309999999999857e+00
2.847919999999999785e+00
2.363020000000000120e+00
1.580910000000000037e+00
1.340519999999999934e+00
9.337809999999999722e-01
8.908500000000000307e-01
6.956639999999999491e-01
6.079630000000000312e-01
5.415940000000000198e-01
4.737259999999999804e-01
4.451890000000000014e-01
4.149059999999999970e-01
3.796640000000000015e-01
3.648770000000000069e-01
3.310170000000000057e-01
3.230100000000000193e-01
2.989160000000000150e-01
2.936670000000000114e-01
2.804090000000000193e-01
2.658179999999999987e-01
2.593269999999999742e-01
2.421310000000000129e-01
2.331900000000000084e-01
2.233729999999999882e-01
2.182659999999999878e-01
2.045389999999999986e-01
1.959150000000000058e-01
1.875719999999999887e-01
1.807360000000000078e-01
1.765120000000000022e-01
1.745349999999999957e-01
1.605080000000000118e-01
1.572129999999999916e-01
1.550120000000000109e-01
1.494920000000000138e-01
1.478220000000000089e-01
1.407940000000000025e-01
1.376449999999999896e-01
1.327399999999999969e-01
1.309329999999999938e-01
1.258189999999999864e-01
1.220679999999999960e-01
1.165390000000000037e-01
1.126270000000000049e-01
1.105349999999999944e-01
1.070399999999999963e-01
1.049630000000000007e-01
1.035719999999999974e-01
1.021839999999999971e-01
1.003190000000000054e-01
9.918090000000000239e-02
9.713850000000000262e-02
9.417179999999999995e-02
9.331399999999999417e-02
9.059849999999999848e-02
8.991490000000000593e-02
8.795600000000000640e-02
8.619430000000000147e-02
8.398279999999999634e-02
8.218880000000000630e-02
7.953730000000000522e-02
7.910499999999999476e-02
7.790270000000000528e-02
7.665370000000000517e-02
7.469459999999999988e-02
7.241229999999999889e-02
7.089310000000000056e-02
7.057489999999999597e-02
6.903249999999999664e-02
6.674869999999999415e-02
6.567739999999999689e-02
6.456000000000000627e-02
6.407630000000000270e-02
6.368999999999999662e-02
6.243390000000000051e-02
6.154779999999999973e-02
6.032810000000000256e-02
5.950289999999999746e-02
5.870500000000000024e-02
5.849830000000000307e-02
5.767479999999999829e-02
5.653090000000000198e-02
5.595880000000000298e-02
5.501410000000000328e-02
5.393040000000000334e-02
5.295360000000000344e-02
5.276120000000000115e-02
5.213109999999999966e-02
5.129220000000000307e-02
5.039830000000000004e-02
5.039300000000000029e-02
4.890850000000000058e-02
4.865570000000000311e-02
4.806830000000000130e-02
4.742190000000000294e-02
4.612850000000000283e-02
