1.977779999999999916e+01
1.232709999999999972e+01
4.091059999999999697e+00
3.381709999999999994e+00
2.783399999999999874e+00
2.346020000000000216e+00
1.580100000000000060e+00
1.364540000000000086e+00
9.446909999999999474e-01
9.004910000000000414e-01
6.802319999999999478e-01
6.150600000000000511e-01
5.326030000000000486e-01
4.442650000000000210e-01
4.388420000000000099e-01
4.102689999999999948e-01
3.786149999999999793e-01
3.603379999999999916e-01
3.260580000000000145e-01
3.156240000000000157e-01
3.005459999999999798e-01
2.903140000000000165e-01
2.703349999999999920e-01
2.645049999999999901e-01
2.559250000000000136e-01
2.378859999999999864e-01
2.263840000000000019e-01
2.226829999999999921e-01
2.159409999999999941e-01
1.998419999999999919e-01
1.976469999999999894e-01
1.891649999999999998e-01
1.785930000000000017e-01
1.752239999999999909e-01
1.728399999999999936e-01
1.619559999999999889e-01
1.583330000000000015e-01
1.534629999999999883e-01
1.510700000000000098e-01
1.465990000000000071e-01
1.383949999999999902e-01
1.361400000000000110e-01
1.328979999999999884e-01
1.292939999999999923e-01
1.252260000000000040e-01
1.206310000000000021e-01
1.182519999999999960e-01
1.122459999999999986e-01
1.097390000000000032e-01
1.082589999999999941e-01
1.060200000000000031e-01
1.046320000000000028e-01
1.021040000000000003e-01
9.915380000000000027e-02
9.623279999999999335e-02
9.591909999999999326e-02
9.240410000000000290e-02
9.153550000000000575e-02
8.943310000000000148e-02
8.858449999999999658e-02
8.569229999999999903e-02
8.525240000000000595e-02
8.364639999999999576e-02
8.195620000000000682e-02
7.977439999999999531e-02
7.935929999999999374e-02
7.809910000000000463e-02
7.510669999999999846e-02
7.281859999999999722e-02
7.232310000000000128e-02
7.053020000000000123e-02
6.964410000000000045e-02
6.868720000000000381e-02
6.690029999999999588e-02
6.559689999999999965e-02
6.454379999999999840e-02
6.306119999999999781e-02
6.214000000000000079e-02
6.170110000000000178e-02
6.111110000000000153e-02
5.977930000000000049e-02
5.834990000000000315e-02
5.793990000000000251e-02
5.762760000000000105e-02
5.657639999999999891e-02
5.630759999999999932e-02
5.509710000000000302e-02
5.439429999999999960e-02
5.371739999999999848e-02
5.275919999999999915e-02
5.188870000000000288e-02
5.104680000000000328e-02
5.086419999999999830e-02
4.927850000000000286e-02
4.882020000000000109e-02
4.835489999999999927e-02
4.792459999999999776e-02
4.756370000000000042e-02
4.688810000000000200e-02
4.619809999999999889e-02
