2.002749999999999986e+01
1.220739999999999981e+01
4.046680000000000277e+00
3.442309999999999981e+00
2.758840000000000181e+00
2.368829999999999991e+00
1.565180000000000016e+00
1.380530000000000035e+00
9.398410000000000375e-01
8.990120000000000333e-01
6.921610000000000262e-01
6.055549999999999544e-01
5.343719999999999581e-01
4.546009999999999773e-01
4.329000000000000070e-01
4.112239999999999784e-01
3.807490000000000041e-01
3.591889999999999805e-01
3.314900000000000069e-01
3.063210000000000099e-01
2.979330000000000034e-01
2.780340000000000034e-01
2.742049999999999765e-01
2.563340000000000063e-01
2.522820000000000062e-01
2.433750000000000080e-01
2.339050000000000018e-01
2.204089999999999938e-01
2.163009999999999933e-01
2.022990000000000066e-01
1.934009999999999896e-01
1.845009999999999983e-01
1.784840000000000038e-01
1.760760000000000103e-01
1.740210000000000090e-01
1.632939999999999947e-01
1.577429999999999943e-01
1.557749999999999968e-01
1.483200000000000074e-01
1.449390000000000123e-01
1.407130000000000047e-01
1.345230000000000037e-01
1.317869999999999875e-01
1.297699999999999965e-01
1.254139999999999977e-01
1.235119999999999968e-01
1.173540000000000000e-01
1.127080000000000026e-01
1.108480000000000021e-01
1.077649999999999997e-01
1.057290000000000035e-01
1.026289999999999980e-01
1.010530000000000039e-01
9.675530000000000241e-02
9.661669999999999980e-02
9.530329999999999357e-02
9.341549999999999854e-02
9.121790000000000453e-02
9.058529999999999360e-02
8.815459999999999963e-02
8.660629999999999717e-02
8.566450000000000453e-02
8.418209999999999582e-02
8.071470000000000034e-02
7.838699999999999835e-02
7.783470000000000666e-02
7.759159999999999668e-02
7.597249999999999837e-02
7.389189999999999647e-02
7.359350000000000613e-02
7.043939999999999924e-02
6.974180000000000657e-02
6.803750000000000075e-02
6.720170000000000310e-02
6.637969999999999982e-02
6.472020000000000550e-02
6.429859999999999742e-02
6.287070000000000158e-02
6.205709999999999699e-02
6.099740000000000023e-02
6.049380000000000035e-02
5.952419999999999933e-02
5.857230000000000075e-02
5.820510000000000267e-02
5.742690000000000294e-02
5.641059999999999824e-02
5.564569999999999933e-02
5.479880000000000168e-02
5.316420000000000173e-02
5.283349999999999852e-02
5.237580000000000013e-02
5.157169999999999810e-02
5.099739999999999829e-02
5.026320000000000093e-02
4.937939999999999691e-02
4.878260000000000235e-02
4.823550000000000060e-02
4.776199999999999890e-02
4.702100000000000030e-02
4.642890000000000211e-02
