1.992650000000000077e+01
1.232729999999999926e+01
4.046479999999999855e+00
3.445840000000000014e+00
2.786890000000000089e+00
2.352269999999999861e+00
1.572789999999999910e+00
1.361180000000000057e+00
9.336269999999999847e-01
8.879369999999999763e-01
6.965200000000000280e-01
6.088850000000000096e-01
5.371479999999999588e-01
4.702279999999999793e-01
4.284080000000000110e-01
4.140449999999999964e-01
3.828710000000000169e-01
3.596070000000000100e-01
3.253240000000000021e-01
3.126539999999999875e-01
3.003270000000000106e-01
2.948080000000000145e-01
2.707120000000000082e-01
2.627120000000000011e-01
2.498609999999999998e-01
2.372609999999999997e-01
2.332200000000000106e-01
2.231090000000000018e-01
2.146240000000000092e-01
2.029650000000000065e-01
1.925689999999999902e-01
1.890890000000000071e-01
1.783550000000000135e-01
1.717130000000000045e-01
1.698919999999999875e-01
1.611899999999999999e-01
1.556549999999999878e-01
1.552040000000000086e-01
1.450059999999999960e-01
1.438879999999999881e-01
1.414739999999999887e-01
1.363580000000000070e-01
1.353959999999999886e-01
1.290920000000000123e-01
1.254210000000000047e-01
1.196529999999999955e-01
1.178700000000000025e-01
1.113470000000000015e-01
1.095269999999999994e-01
1.062720000000000053e-01
1.035159999999999969e-01
1.026040000000000008e-01
1.010059999999999986e-01
1.000120000000000037e-01
9.720829999999999749e-02
9.592639999999999501e-02
9.342430000000000179e-02
9.132339999999999902e-02
8.931200000000000250e-02
8.703550000000000175e-02
8.565319999999999878e-02
8.520220000000000571e-02
8.300409999999999733e-02
8.031080000000000163e-02
7.885709999999999942e-02
7.813939999999999775e-02
7.696880000000000388e-02
7.535870000000000068e-02
7.430269999999999930e-02
7.124840000000000340e-02
7.081800000000000594e-02
6.984029999999999405e-02
6.815609999999999724e-02
6.669630000000000003e-02
6.596739999999999549e-02
6.511029999999999596e-02
6.383320000000000660e-02
6.277199999999999447e-02
6.152640000000000192e-02
6.067840000000000039e-02
5.969649999999999956e-02
5.912450000000000344e-02
5.788719999999999977e-02
5.702589999999999743e-02
5.571410000000000251e-02
5.519589999999999913e-02
5.359599999999999781e-02
5.345880000000000076e-02
5.270960000000000228e-02
5.195059999999999956e-02
5.175960000000000283e-02
5.097970000000000279e-02
5.029030000000000306e-02
4.997940000000000021e-02
4.919860000000000205e-02
4.772499999999999659e-02
4.724939999999999696e-02
4.683029999999999832e-02
4.626240000000000213e-02
4.564460000000000045e-02
