1.988029999999999831e+01
1.233099999999999952e+01
4.091179999999999595e+00
3.476500000000000146e+00
2.651209999999999845e+00
2.328250000000000153e+00
1.556939999999999991e+00
1.372989999999999933e+00
9.221049999999999525e-01
8.756209999999999827e-01
7.018510000000000026e-01
6.039320000000000244e-01
5.392259999999999831e-01
4.620389999999999775e-01
4.283410000000000273e-01
4.071520000000000139e-01
3.765979999999999883e-01
3.617090000000000027e-01
3.252630000000000243e-01
3.163639999999999786e-01
2.983350000000000168e-01
2.890719999999999956e-01
2.736279999999999824e-01
2.635950000000000237e-01
2.546729999999999827e-01
2.376810000000000034e-01
2.324769999999999892e-01
2.196039999999999937e-01
2.123599999999999932e-01
1.983189999999999953e-01
1.926910000000000012e-01
1.879989999999999994e-01
1.786810000000000065e-01
1.754429999999999878e-01
1.714930000000000065e-01
1.587119999999999920e-01
1.567179999999999962e-01
1.528779999999999861e-01
1.465680000000000038e-01
1.445770000000000111e-01
1.389499999999999902e-01
1.330320000000000114e-01
1.317460000000000020e-01
1.273040000000000005e-01
1.238960000000000061e-01
1.197060000000000068e-01
1.154489999999999961e-01
1.125079999999999969e-01
1.095980000000000010e-01
1.061639999999999945e-01
1.024140000000000050e-01
1.010960000000000053e-01
1.005970000000000059e-01
9.911380000000000190e-02
9.744529999999999859e-02
9.477389999999999426e-02
9.183159999999999934e-02
9.173779999999999435e-02
8.996229999999999505e-02
8.745870000000000033e-02
8.663029999999999342e-02
8.372690000000000687e-02
8.142670000000000463e-02
8.095869999999999456e-02
7.926460000000000450e-02
7.756540000000000656e-02
7.613309999999999522e-02
7.474840000000000650e-02
7.395730000000000359e-02
7.127859999999999752e-02
6.918359999999999788e-02
6.874030000000000418e-02
6.678290000000000615e-02
6.522890000000000632e-02
6.496449999999999447e-02
6.390089999999999659e-02
6.331399999999999528e-02
6.249009999999999981e-02
6.107080000000000147e-02
5.966710000000000069e-02
5.840610000000000246e-02
5.783329999999999721e-02
5.698609999999999787e-02
5.691620000000000013e-02
5.657310000000000116e-02
5.609539999999999665e-02
5.422380000000000255e-02
5.319890000000000035e-02
5.255619999999999736e-02
5.197390000000000343e-02
5.170960000000000140e-02
5.034000000000000280e-02
5.013399999999999801e-02
4.950670000000000071e-02
4.880860000000000060e-02
4.853819999999999663e-02
4.756230000000000180e-02
4.638010000000000049e-02
4.563840000000000258e-02
4.551909999999999984e-02
