1.987219999999999942e+01
1.228509999999999991e+01
4.066320000000000157e+00
3.432840000000000114e+00
2.764330000000000176e+00
2.351840000000000153e+00
1.569960000000000022e+00
1.363250000000000073e+00
9.335459999999999869e-01
8.901890000000000081e-01
6.925400000000000444e-01
6.073950000000000182e-01
5.356130000000000058e-01
4.593539999999999845e-01
4.338290000000000202e-01
4.104200000000000070e-01
3.786140000000000061e-01
3.602279999999999927e-01
3.266609999999999792e-01
3.139480000000000048e-01
2.975709999999999744e-01
2.901219999999999910e-01
2.732470000000000176e-01
2.618329999999999824e-01
2.535850000000000048e-01
2.388299999999999867e-01
2.319670000000000065e-01
2.210570000000000035e-01
2.154979999999999951e-01
2.006920000000000093e-01
1.940830000000000055e-01
1.873990000000000100e-01
1.780229999999999868e-01
1.738079999999999903e-01
1.729199999999999904e-01
1.607850000000000112e-01
1.566750000000000087e-01
1.540620000000000045e-01
1.472140000000000115e-01
1.451679999999999915e-01
1.400049999999999906e-01
1.342540000000000122e-01
1.335689999999999933e-01
1.288019999999999998e-01
1.249310000000000004e-01
1.205750000000000016e-01
1.168509999999999965e-01
1.112619999999999998e-01
1.092570000000000069e-01
1.061850000000000016e-01
1.036770000000000053e-01
1.028779999999999972e-01
1.014690000000000036e-01
9.898220000000000629e-02
9.722959999999999936e-02
9.558669999999999667e-02
9.215729999999999755e-02
9.129890000000000227e-02
8.934640000000000637e-02
8.797629999999999340e-02
8.654889999999999806e-02
8.515970000000000484e-02
8.328770000000000617e-02
7.959850000000000259e-02
7.885250000000000592e-02
7.797129999999999339e-02
7.746260000000000645e-02
7.593460000000000487e-02
7.348079999999999889e-02
7.167020000000000335e-02
7.041319999999999524e-02
6.936449999999999561e-02
6.781959999999999378e-02
6.607259999999999522e-02
6.474929999999999575e-02
6.427349999999999730e-02
6.397339999999999971e-02
6.242020000000000207e-02
6.132110000000000338e-02
6.030110000000000331e-02
5.909579999999999694e-02
5.834580000000000322e-02
5.817440000000000111e-02
5.742680000000000007e-02
5.628480000000000288e-02
5.596380000000000104e-02
5.523619999999999919e-02
5.364569999999999755e-02
5.254480000000000262e-02
5.246979999999999700e-02
5.195620000000000099e-02
5.083870000000000056e-02
5.046559999999999935e-02
4.965270000000000100e-02
4.947449999999999765e-02
4.865860000000000324e-02
4.728759999999999908e-02
4.684230000000000338e-02
4.662430000000000047e-02
4.606520000000000059e-02
4.502699999999999758e-02
4.485859999999999848e-02
4.395050000000000345e-02
4.382629999999999859e-02
4.310730000000000117e-02
4.305040000000000255e-02
4.243609999999999743e-02
4.161240000000000078e-02
4.101559999999999928e-02
4.096899999999999847e-02
4.060400000000000120e-02
3.963799999999999962e-02
3.928290000000000254e-02
3.881260000000000265e-02
3.836910000000000320e-02
3.786359999999999726e-02
3.761130000000000029e-02
3.719959999999999933e-02
3.685480000000000006e-02
3.609459999999999752e-02
3.589749999999999885e-02
3.540809999999999791e-02
3.515900000000000275e-02
3.461739999999999956e-02
3.436120000000000146e-02
3.389480000000000270e-02
3.374909999999999716e-02
3.306300000000000211e-02
3.273840000000000083e-02
3.258500000000000285e-02
3.243200000000000249e-02
3.189199999999999674e-02
3.180439999999999656e-02
3.115300000000000014e-02
3.091599999999999904e-02
3.062339999999999854e-02
3.042610000000000106e-02
3.023489999999999858e-02
2.987710000000000019e-02
2.961130000000000012e-02
2.936990000000000087e-02
2.900250000000000050e-02
2.896369999999999847e-02
2.851040000000000171e-02
2.816369999999999985e-02
2.788559999999999997e-02
2.780840000000000048e-02
2.750110000000000054e-02
2.727219999999999991e-02
2.698230000000000073e-02
2.684100000000000028e-02
2.654029999999999931e-02
2.642140000000000113e-02
2.611749999999999836e-02
2.589659999999999879e-02
2.579000000000000042e-02
2.554949999999999929e-02
2.545750000000000096e-02
2.520620000000000152e-02
2.501110000000000139e-02
2.462229999999999974e-02
2.455910000000000037e-02
2.434659999999999949e-02
2.404070000000000165e-02
2.395579999999999932e-02
2.381170000000000161e-02
2.352390000000000037e-02
2.340329999999999841e-02
2.329120000000000149e-02
2.306700000000000070e-02
2.289750000000000119e-02
2.277710000000000151e-02
2.241829999999999865e-02
2.220609999999999945e-02
2.207280000000000006e-02
2.194509999999999864e-02
2.179450000000000137e-02
2.167349999999999832e-02
2.136470000000000036e-02
2.124850000000000003e-02
2.121380000000000141e-02
2.107430000000000067e-02
2.078779999999999864e-02
2.056149999999999992e-02
2.049770000000000064e-02
2.039540000000000103e-02
2.029740000000000016e-02
2.024559999999999901e-02
1.996989999999999876e-02
1.972420000000000076e-02
1.967400000000000052e-02
1.948039999999999841e-02
1.926479999999999859e-02
1.912020000000000039e-02
1.897779999999999953e-02
1.890829999999999941e-02
1.874970000000000109e-02
1.865230000000000013e-02
1.849800000000000055e-02
1.840119999999999950e-02
1.820079999999999962e-02
1.812729999999999897e-02
1.794979999999999840e-02
1.790920000000000012e-02
1.772140000000000173e-02
1.761060000000000056e-02
1.746299999999999936e-02
1.728769999999999959e-02
1.715279999999999930e-02
1.705150000000000068e-02
1.690579999999999861e-02
1.680720000000000131e-02
1.661400000000000030e-02
1.660659999999999914e-02
1.639600000000000085e-02
1.626450000000000118e-02
1.622969999999999968e-02
1.609100000000000114e-02
1.600580000000000058e-02
1.592500000000000165e-02
1.584019999999999873e-02
1.575589999999999977e-02
1.557680000000000002e-02
1.548680000000000022e-02
1.538860000000000054e-02
1.520849999999999980e-02
1.517079999999999991e-02
1.503209999999999963e-02
1.497839999999999935e-02
1.487839999999999996e-02
1.486059999999999985e-02
1.476970000000000019e-02
1.471959999999999935e-02
1.463549999999999920e-02
1.448009999999999922e-02
1.434279999999999930e-02
1.430449999999999951e-02
1.416139999999999934e-02
1.401950000000000071e-02
1.387760000000000035e-02
1.385529999999999921e-02
1.376250000000000043e-02
1.367239999999999948e-02
1.363200000000000002e-02
1.357539999999999962e-02
1.348040000000000002e-02
1.339590000000000052e-02
1.337260000000000011e-02
1.327049999999999931e-02
1.319619999999999994e-02
1.308169999999999993e-02
1.302470000000000017e-02
1.293150000000000029e-02
1.288500000000000062e-02
1.286589999999999956e-02
1.282450000000000083e-02
1.268520000000000064e-02
1.254919999999999994e-02
1.250620000000000030e-02
1.243990000000000026e-02
1.235209999999999954e-02
1.228330000000000047e-02
1.219240000000000081e-02
1.212339999999999945e-02
1.198319999999999941e-02
1.194680000000000047e-02
1.190560000000000056e-02
1.188909999999999967e-02
1.181019999999999986e-02
1.172849999999999934e-02
1.159600000000000040e-02
1.152949999999999982e-02
1.145780000000000062e-02
1.139480000000000007e-02
1.129600000000000048e-02
1.125349999999999961e-02
1.117259999999999955e-02
1.113699999999999933e-02
1.108789999999999949e-02
1.100819999999999924e-02
1.098170000000000049e-02
1.089610000000000058e-02
1.079059999999999915e-02
1.070860000000000041e-02
1.065340000000000037e-02
1.057699999999999960e-02
1.053970000000000080e-02
1.050880000000000043e-02
1.043179999999999975e-02
1.035939999999999951e-02
1.026409999999999996e-02
1.024869999999999948e-02
1.023699999999999957e-02
1.015549999999999960e-02
1.008270000000000000e-02
1.003730000000000074e-02
9.999239999999999517e-03
9.924519999999999176e-03
9.832860000000000558e-03
9.769470000000000584e-03
9.721719999999999667e-03
9.691140000000000865e-03
9.663029999999999536e-03
9.608639999999999889e-03
9.473630000000000245e-03
9.417450000000000820e-03
9.391949999999999604e-03
9.289510000000000822e-03
9.260600000000000775e-03
9.219500000000000264e-03
9.151009999999999353e-03
9.145280000000000423e-03
9.105169999999999236e-03
9.063560000000000019e-03
8.993169999999999983e-03
8.946640000000000495e-03
8.877899999999999334e-03
8.811720000000000316e-03
8.767739999999999562e-03
8.710559999999999137e-03
8.658650000000000374e-03
8.633039999999999811e-03
8.585199999999999429e-03
8.532269999999999785e-03
8.461240000000000080e-03
8.433760000000000215e-03
8.401300000000000434e-03
8.348190000000000124e-03
8.302870000000000389e-03
8.244319999999999427e-03
8.179290000000000518e-03
8.149160000000000778e-03
8.096120000000000053e-03
8.052079999999999654e-03
8.040240000000000581e-03
7.941780000000000714e-03
7.918680000000000857e-03
7.906550000000000036e-03
7.881350000000000508e-03
7.871420000000000500e-03
7.799160000000000294e-03
7.772819999999999729e-03
7.694099999999999724e-03
7.681900000000000187e-03
7.628300000000000185e-03
7.574619999999999791e-03
7.527019999999999718e-03
7.509830000000000325e-03
7.477280000000000211e-03
7.444629999999999824e-03
7.406699999999999569e-03
7.385049999999999774e-03
7.337169999999999630e-03
7.308450000000000189e-03
7.268219999999999716e-03
7.200930000000000351e-03
7.155919999999999642e-03
7.102790000000000319e-03
7.063080000000000226e-03
7.051739999999999918e-03
7.003109999999999891e-03
6.952559999999999990e-03
6.912210000000000229e-03
6.884069999999999946e-03
6.873449999999999699e-03
6.829649999999999610e-03
6.778349999999999827e-03
6.749540000000000053e-03
6.707020000000000169e-03
6.697970000000000139e-03
6.684780000000000409e-03
6.645490000000000425e-03
6.607489999999999718e-03
6.531000000000000347e-03
6.504499999999999865e-03
6.443130000000000038e-03
6.410579999999999924e-03
6.367499999999999896e-03
6.319700000000000144e-03
6.302600000000000216e-03
6.270559999999999676e-03
6.244900000000000277e-03
6.170280000000000209e-03
6.159780000000000116e-03
6.129380000000000245e-03
6.094920000000000199e-03
6.066529999999999666e-03
6.039629999999999825e-03
5.994260000000000387e-03
5.979850000000000096e-03
5.947779999999999734e-03
5.935189999999999910e-03
5.880630000000000406e-03
5.848289999999999912e-03
5.807340000000000245e-03
5.782759999999999637e-03
5.767679999999999856e-03
5.729800000000000171e-03
5.715770000000000226e-03
5.679449999999999950e-03
5.652670000000000264e-03
5.585159999999999604e-03
5.568319999999999867e-03
5.551719999999999572e-03
5.512109999999999753e-03
5.484110000000000373e-03
5.469169999999999761e-03
5.455749999999999662e-03
5.387489999999999987e-03
5.373710000000000292e-03
5.336439999999999587e-03
5.327179999999999936e-03
5.269310000000000140e-03
5.246569999999999880e-03
5.238510000000000041e-03
5.203659999999999709e-03
5.184839999999999588e-03
5.166220000000000014e-03
5.141650000000000213e-03
5.126229999999999849e-03
5.108099999999999967e-03
5.075950000000000080e-03
5.051469999999999745e-03
5.005390000000000186e-03
4.995849999999999597e-03
4.972629999999999585e-03
4.942120000000000367e-03
4.923559999999999569e-03
4.892360000000000111e-03
4.853080000000000067e-03
4.843680000000000381e-03
4.833460000000000360e-03
4.783169999999999783e-03
4.757789999999999589e-03
4.726460000000000036e-03
4.711739999999999852e-03
4.685039999999999691e-03
4.666779999999999713e-03
4.640179999999999826e-03
4.632700000000000012e-03
4.610809999999999909e-03
4.589440000000000186e-03
4.536959999999999604e-03
4.498760000000000085e-03
4.486470000000000215e-03
4.460070000000000007e-03
4.435599999999999613e-03
4.414350000000000045e-03
4.392270000000000202e-03
4.375269999999999680e-03
4.323369999999999991e-03
4.316519999999999906e-03
4.291170000000000401e-03
4.263470000000000107e-03
4.242459999999999981e-03
4.206170000000000395e-03
4.193539999999999941e-03
4.177529999999999612e-03
4.155660000000000256e-03
4.150189999999999782e-03
4.099249999999999595e-03
4.079059999999999804e-03
4.073939999999999853e-03
4.056640000000000246e-03
4.035740000000000334e-03
4.024169999999999657e-03
3.980140000000000067e-03
3.963470000000000187e-03
3.952179999999999582e-03
3.933110000000000078e-03
3.888200000000000076e-03
3.868159999999999828e-03
3.846689999999999832e-03
3.821849999999999900e-03
3.805390000000000075e-03
3.792269999999999929e-03
3.756810000000000184e-03
3.747649999999999940e-03
3.729199999999999789e-03
3.691540000000000099e-03
3.679200000000000092e-03
3.660130000000000154e-03
3.647239999999999944e-03
3.616910000000000090e-03
3.602329999999999942e-03
3.577859999999999981e-03
3.569380000000000035e-03
3.529000000000000019e-03
3.511409999999999965e-03
3.504559999999999880e-03
3.488059999999999859e-03
3.464560000000000209e-03
3.447679999999999842e-03
3.439129999999999878e-03
3.429750000000000073e-03
3.407750000000000189e-03
3.394659999999999865e-03
3.372720000000000058e-03
3.329209999999999982e-03
3.311070000000000159e-03
3.301530000000000003e-03
3.278549999999999867e-03
3.252769999999999880e-03
3.241949999999999953e-03
3.231560000000000075e-03
3.213080000000000103e-03
3.200740000000000095e-03
3.188020000000000177e-03
3.137589999999999997e-03
3.129920000000000011e-03
3.110920000000000091e-03
3.081519999999999919e-03
3.069670000000000037e-03
3.060869999999999824e-03
3.027109999999999957e-03
3.016640000000000120e-03
2.989850000000000060e-03
2.984339999999999823e-03
2.977360000000000076e-03
2.972579999999999840e-03
2.944619999999999790e-03
2.920190000000000025e-03
2.913310000000000118e-03
2.886740000000000052e-03
2.873580000000000145e-03
2.855669999999999823e-03
2.830510000000000057e-03
2.819610000000000172e-03
2.800940000000000027e-03
2.787169999999999839e-03
2.778829999999999929e-03
2.767330000000000137e-03
2.759469999999999978e-03
2.726010000000000065e-03
2.700680000000000008e-03
2.694699999999999960e-03
2.681339999999999939e-03
2.660290000000000050e-03
2.641500000000000185e-03
2.632279999999999863e-03
2.628800000000000147e-03
2.595800000000000104e-03
2.577069999999999882e-03
2.572200000000000181e-03
2.555169999999999837e-03
2.541400000000000083e-03
2.529480000000000183e-03
2.515519999999999822e-03
2.493749999999999873e-03
2.486920000000000103e-03
2.455759999999999974e-03
2.453850000000000042e-03
2.437819999999999831e-03
2.424089999999999839e-03
2.406849999999999875e-03
2.392969999999999906e-03
2.377160000000000124e-03
2.367750000000000063e-03
2.349579999999999985e-03
2.337979999999999919e-03
2.322820000000000180e-03
2.308399999999999948e-03
2.274350000000000070e-03
2.266279999999999857e-03
2.259929999999999838e-03
2.246680000000000031e-03
2.225780000000000119e-03
2.214240000000000132e-03
2.196229999999999970e-03
2.187999999999999841e-03
2.175729999999999852e-03
2.163120000000000147e-03
2.146019999999999785e-03
2.135820000000000080e-03
2.119090000000000123e-03
2.112469999999999973e-03
2.101350000000000093e-03
2.089800000000000164e-03
2.065710000000000116e-03
2.062679999999999896e-03
2.049329999999999815e-03
2.023080000000000017e-03
2.007350000000000193e-03
1.987189999999999790e-03
1.983009999999999894e-03
1.976589999999999857e-03
1.960120000000000091e-03
1.954149999999999984e-03
1.934119999999999893e-03
1.923320000000000064e-03
1.917730000000000086e-03
1.908669999999999898e-03
1.881630000000000021e-03
1.873600000000000005e-03
1.865640000000000007e-03
1.859900000000000051e-03
1.850379999999999994e-03
1.832260000000000052e-03
1.827140000000000101e-03
1.810250000000000010e-03
1.789060000000000086e-03
1.783920000000000037e-03
1.780979999999999933e-03
1.762909999999999911e-03
1.758599999999999920e-03
1.746720000000000000e-03
1.727049999999999939e-03
1.708539999999999929e-03
1.702890000000000089e-03
1.688880000000000025e-03
1.685890000000000001e-03
1.669240000000000003e-03
1.651710000000000027e-03
1.642189999999999969e-03
1.640589999999999930e-03
1.615349999999999989e-03
1.605110000000000087e-03
1.600709999999999980e-03
1.585650000000000080e-03
1.569630000000000027e-03
1.563560000000000080e-03
1.553439999999999899e-03
1.534130000000000086e-03
1.528440000000000050e-03
1.523700000000000011e-03
1.507539999999999922e-03
1.498449999999999912e-03
1.486480000000000093e-03
1.482690000000000050e-03
1.455930000000000028e-03
1.445829999999999945e-03
1.443609999999999902e-03
1.436650000000000036e-03
1.421420000000000062e-03
1.413919999999999934e-03
1.405449999999999929e-03
1.398960000000000091e-03
1.392699999999999971e-03
1.366739999999999969e-03
1.352960000000000057e-03
1.350269999999999986e-03
1.338510000000000004e-03
1.322510000000000048e-03
1.317079999999999987e-03
1.307350000000000092e-03
1.294720000000000072e-03
1.281709999999999924e-03
1.271229999999999929e-03
1.265220000000000060e-03
1.259319999999999971e-03
1.246979999999999963e-03
1.241029999999999954e-03
1.224910000000000061e-03
1.218820000000000016e-03
1.206449999999999970e-03
1.202589999999999909e-03
1.193349999999999923e-03
1.185690000000000095e-03
1.172309999999999975e-03
1.160519999999999954e-03
1.152019999999999910e-03
1.144920000000000009e-03
1.120550000000000105e-03
1.112130000000000020e-03
1.111240000000000101e-03
1.089270000000000039e-03
1.074169999999999943e-03
1.062149999999999987e-03
1.051709999999999971e-03
1.042420000000000065e-03
1.037270000000000076e-03
1.011119999999999901e-03
1.006189999999999906e-03
9.969189999999999736e-04
9.855129999999999273e-04
9.763979999999999578e-04
9.697599999999999580e-04
9.561749999999999720e-04
9.455600000000000203e-04
9.350499999999999871e-04
9.325870000000000210e-04
9.218139999999999668e-04
9.145849999999999856e-04
9.049379999999999881e-04
8.878819999999999941e-04
8.776549999999999716e-04
8.658710000000000451e-04
8.575370000000000128e-04
8.548749999999999492e-04
8.446919999999999689e-04
8.348669999999999876e-04
8.280899999999999676e-04
8.222000000000000359e-04
8.121299999999999917e-04
8.008689999999999516e-04
7.888700000000000009e-04
7.838380000000000260e-04
7.773129999999999623e-04
7.588220000000000338e-04
7.497419999999999649e-04
7.339339999999999970e-04
7.189079999999999819e-04
7.047239999999999971e-04
7.004379999999999504e-04
6.929259999999999586e-04
6.917530000000000293e-04
6.859410000000000247e-04
6.701279999999999780e-04
6.645159999999999782e-04
6.511919999999999818e-04
6.451770000000000335e-04
6.300299999999999564e-04
6.150459999999999521e-04
6.039590000000000496e-04
5.949700000000000041e-04
5.869140000000000121e-04
5.749699999999999516e-04
5.678410000000000271e-04
5.561229999999999472e-04
5.540259999999999976e-04
5.395509999999999846e-04
5.345219999999999486e-04
5.204230000000000010e-04
5.118930000000000268e-04
5.018859999999999988e-04
4.866620000000000104e-04
4.838449999999999999e-04
4.730390000000000224e-04
4.619900000000000135e-04
4.452650000000000271e-04
4.375620000000000095e-04
4.289149999999999820e-04
4.198779999999999939e-04
4.079640000000000263e-04
4.060359999999999729e-04
3.760279999999999851e-04
3.737999999999999786e-04
3.614760000000000065e-04
3.414700000000000222e-04
3.329140000000000181e-04
3.199100000000000186e-04
3.006090000000000216e-04
2.921840000000000201e-04
2.810050000000000243e-04
2.745049999999999747e-04
2.646379999999999826e-04
2.526820000000000043e-04
2.419409999999999931e-04
2.294639999999999972e-04
2.141280000000000071e-04
2.019450000000000054e-04
1.895300000000000099e-04
1.686439999999999933e-04
1.606129999999999884e-04
1.554190000000000107e-04
1.540819999999999928e-04
1.476279999999999899e-04
1.379449999999999947e-04
1.269210000000000000e-04
1.179310000000000064e-04
1.116049999999999996e-04
1.050190000000000054e-04
1.000639999999999960e-04
8.932310000000000542e-05
8.492369999999999466e-05
6.552710000000000490e-05
5.120619999999999773e-05
4.479580000000000232e-05
4.120369999999999990e-05
3.547510000000000192e-05
3.250790000000000092e-05
2.937560000000000044e-05
1.924270000000000128e-05
1.487700000000000003e-05
1.426569999999999963e-05
1.399219999999999963e-05
6.680660000000000001e-06
4.776169999999999708e-06
3.524630000000000083e-06
2.494069999999999992e-06
2.188830000000000099e-06
3.645080000000000238e-07
8.491890000000000213e-08
3.646429999999999784e-08
