8.102000000000000313e-01
8.054000000000000048e-01
8.162000000000000366e-01
8.207999999999999741e-01
8.172000000000000375e-01
8.169999999999999485e-01
8.205999999999999961e-01
8.178000000000000824e-01
8.164000000000000146e-01
8.165999999999999925e-01
8.130000000000000560e-01
8.154000000000000137e-01
8.137999999999999678e-01
8.135999999999998789e-01
8.118000000000000771e-01
8.131999999999999229e-01
8.109999999999999432e-01
8.102000000000000313e-01
8.091999999999999194e-01
8.082000000000000295e-01
8.088000000000000744e-01
8.087999999999999634e-01
8.076000000000000956e-01
8.042000000000000259e-01
8.028000000000000691e-01
8.028000000000000691e-01
8.024000000000001132e-01
8.024000000000001132e-01
8.009999999999999343e-01
8.000000000000000444e-01
8.000000000000000444e-01
8.008000000000000673e-01
8.000000000000001554e-01
7.963999999999999968e-01
7.960000000000000409e-01
7.980000000000000426e-01
7.956000000000000849e-01
7.962000000000000188e-01
7.970000000000000417e-01
7.960000000000000409e-01
7.922000000000000153e-01
7.935999999999999721e-01
7.928000000000000602e-01
7.929999999999999272e-01
7.916000000000000814e-01
7.920000000000000373e-01
7.906000000000000805e-01
7.898000000000001686e-01
7.885999999999999677e-01
7.902000000000000135e-01
7.900000000000000355e-01
7.914000000000001034e-01
7.886000000000000787e-01
7.883999999999999897e-01
7.885999999999999677e-01
7.886000000000000787e-01
7.863999999999999879e-01
7.866000000000000769e-01
7.862000000000001210e-01
7.840000000000000302e-01
7.838000000000000522e-01
7.832000000000000073e-01
7.832000000000000073e-01
7.817999999999999394e-01
7.820000000000000284e-01
7.817999999999999394e-01
7.815999999999999615e-01
7.803999999999999826e-01
7.802000000000000046e-01
7.807999999999999385e-01
7.803999999999999826e-01
7.796000000000000707e-01
7.803999999999999826e-01
7.794000000000000927e-01
7.793999999999999817e-01
7.773999999999999799e-01
7.765999999999999570e-01
7.778000000000000469e-01
7.765999999999999570e-01
7.765999999999999570e-01
7.765999999999999570e-01
7.756000000000000671e-01
7.738000000000000433e-01
7.716000000000000636e-01
7.748000000000000442e-01
7.730000000000000204e-01
7.714000000000000856e-01
7.727999999999999314e-01
7.708000000000001517e-01
7.700000000000000178e-01
7.700000000000000178e-01
7.695999999999999508e-01
7.695999999999999508e-01
7.680000000000000160e-01
7.672000000000001041e-01
7.683999999999999719e-01
7.650000000000000133e-01
7.645999999999999464e-01
7.640000000000000124e-01
7.644000000000000794e-01
7.649999999999999023e-01
7.651999999999999913e-01
7.631999999999999895e-01
7.628000000000001446e-01
7.636000000000000565e-01
7.636000000000000565e-01
7.631999999999999895e-01
7.630000000000000115e-01
7.620000000000001217e-01
7.605999999999999428e-01
7.593999999999999639e-01
7.592000000000000970e-01
7.601999999999999869e-01
7.586000000000000520e-01
7.590000000000000080e-01
7.590000000000000080e-01
7.587999999999999190e-01
7.582000000000000961e-01
7.582000000000000961e-01
7.568000000000000282e-01
7.561999999999999833e-01
7.565999999999999392e-01
7.561999999999999833e-01
7.560000000000000053e-01
7.548000000000001375e-01
7.558000000000000274e-01
7.545999999999999375e-01
7.551999999999999824e-01
7.550000000000000044e-01
7.552000000000000934e-01
7.538000000000000256e-01
7.539999999999998925e-01
7.540000000000000036e-01
7.531999999999999806e-01
7.531999999999999806e-01
7.518000000000000238e-01
7.531999999999998696e-01
7.521999999999999797e-01
7.518000000000000238e-01
7.514000000000000679e-01
7.504000000000000670e-01
7.518000000000000238e-01
7.516000000000000458e-01
7.506000000000000449e-01
7.500000000000000000e-01
7.507999999999999119e-01
7.493999999999999551e-01
7.491999999999999771e-01
7.491999999999998661e-01
7.487999999999999101e-01
7.486000000000000432e-01
7.481999999999999762e-01
7.483999999999999542e-01
7.479999999999999982e-01
7.472000000000000863e-01
7.471999999999999753e-01
7.461999999999999744e-01
7.451999999999999735e-01
7.461999999999999744e-01
7.459999999999999964e-01
7.453999999999999515e-01
7.453999999999999515e-01
7.462000000000000854e-01
7.448000000000000176e-01
7.448000000000000176e-01
7.441999999999999726e-01
7.433999999999999497e-01
7.430000000000001048e-01
7.426000000000000378e-01
7.429999999999999938e-01
7.423999999999999488e-01
7.415999999999999259e-01
7.413999999999999480e-01
7.401999999999999691e-01
7.396000000000000352e-01
7.403999999999999471e-01
7.393999999999999462e-01
7.388000000000000123e-01
7.386000000000000343e-01
7.378000000000000114e-01
7.374000000000000554e-01
7.374000000000000554e-01
7.378000000000000114e-01
7.377999999999999003e-01
7.365999999999999215e-01
7.361999999999999655e-01
7.356000000000000316e-01
7.367999999999998995e-01
7.377999999999999003e-01
7.363999999999999435e-01
7.373999999999999444e-01
7.369999999999998774e-01
7.361999999999999655e-01
7.359999999999999876e-01
7.349999999999999867e-01
7.342000000000000748e-01
7.342000000000000748e-01
7.338000000000000078e-01
7.341999999999998527e-01
7.328000000000000069e-01
7.326000000000000290e-01
7.328000000000000069e-01
7.325999999999999179e-01
7.319999999999999840e-01
7.308000000000000052e-01
7.301999999999999602e-01
7.309999999999999831e-01
7.305999999999999162e-01
7.304000000000000492e-01
7.311999999999999611e-01
7.311999999999999611e-01
7.308000000000000052e-01
7.304000000000000492e-01
7.297999999999998932e-01
7.306000000000000272e-01
7.304000000000000492e-01
7.294000000000000483e-01
7.291999999999999593e-01
7.295999999999999153e-01
7.289999999999998703e-01
7.288000000000001144e-01
7.278000000000000025e-01
7.276000000000000245e-01
7.266000000000000236e-01
7.267999999999998906e-01
7.268000000000000016e-01
7.268000000000000016e-01
7.259999999999998677e-01
7.255999999999999117e-01
7.256000000000000227e-01
7.257999999999998897e-01
7.262000000000000677e-01
7.251999999999998447e-01
7.237999999999999989e-01
7.234000000000000430e-01
7.239999999999999769e-01
7.231999999999999540e-01
7.227999999999999980e-01
7.207999999999999963e-01
7.203999999999999293e-01
7.209999999999999742e-01
7.207999999999999963e-01
7.205999999999999073e-01
7.207999999999999963e-01
7.199999999999999734e-01
7.201999999999999513e-01
7.196000000000000174e-01
7.194000000000000394e-01
7.181999999999999496e-01
7.182000000000000606e-01
7.185999999999999055e-01
7.179999999999999716e-01
7.186000000000000165e-01
7.172000000000000597e-01
7.173999999999999266e-01
7.163999999999999257e-01
7.169999999999999707e-01
7.169999999999999707e-01
7.163999999999999257e-01
7.154000000000000359e-01
7.150000000000000799e-01
7.139999999999999680e-01
7.134000000000000341e-01
7.137999999999999901e-01
7.141999999999999460e-01
7.141999999999999460e-01
7.137999999999998790e-01
7.139999999999999680e-01
7.134000000000000341e-01
7.123999999999999222e-01
7.119999999999999662e-01
7.117999999999999883e-01
7.116000000000000103e-01
7.116000000000000103e-01
7.109999999999999654e-01
7.104000000000000314e-01
7.099999999999999645e-01
7.101999999999999424e-01
7.089999999999999636e-01
7.086000000000000076e-01
7.079999999999999627e-01
7.079999999999999627e-01
7.083999999999999186e-01
7.085999999999998966e-01
7.079999999999999627e-01
7.069999999999999618e-01
7.072000000000000508e-01
7.067999999999999838e-01
7.067999999999999838e-01
7.062000000000000499e-01
7.062000000000000499e-01
7.059999999999998499e-01
7.064000000000000279e-01
7.067999999999999838e-01
7.051999999999999380e-01
7.059999999999999609e-01
7.061999999999999389e-01
7.061999999999999389e-01
7.063999999999999169e-01
7.055999999999998940e-01
